[LEFT_CAM_2K]
fx=1065.26
fy=1065.32
cx=1080.44
cy=583.622
k1=-0.0486483
k2=0.0182936
p1=0.000130559
p2=-0.000125052
k3=-0.00746449

[RIGHT_CAM_2K]
fx=1064.3
fy=1064.47
cx=1140.05
cy=617.891
k1=-0.0462908
k2=0.0142483
p1=-1.54867e-05
p2=0.000299012
k3=-0.00581172

[LEFT_CAM_FHD]    #目前主要使用这个
fx=1065.26
fy=1065.32
cx=936.44
cy=502.622
k1=-0.0486483
k2=0.0182936
p1=0.000130559
p2=-0.000125052
k3=-0.00746449

[RIGHT_CAM_FHD]
fx=1064.3
fy=1064.47
cx=996.05
cy=536.891
k1=-0.0462908
k2=0.0142483
p1=-1.54867e-05
p2=0.000299012
k3=-0.00581172

[LEFT_CAM_HD]
fx=532.63
fy=532.66
cx=626.72
cy=339.811
k1=-0.0486483
k2=0.0182936
p1=0.000130559
p2=-0.000125052
k3=-0.00746449

[RIGHT_CAM_HD]
fx=532.15
fy=532.235
cx=656.525
cy=356.9455
k1=-0.0462908
k2=0.0142483
p1=-1.54867e-05
p2=0.000299012
k3=-0.00581172

[LEFT_CAM_VGA]
fx=266.315
fy=266.33
cx=328.86
cy=177.4055
k1=-0.0486483
k2=0.0182936
p1=0.000130559
p2=-0.000125052
k3=-0.00746449

[RIGHT_CAM_VGA]
fx=266.075
fy=266.1175
cx=343.7625
cy=185.97275
k1=-0.0462908
k2=0.0142483
p1=-1.54867e-05
p2=0.000299012
k3=-0.00581172

[LEFT_DISTO]
k1=-1.13963
k2=2.28796
k3=0.158016
k4=-1.04503
k5=2.13734
k6=0.31862
p1=-0.00011404
p2=-0.000336853

[RIGHT_DISTO]
k1=-1.48243
k2=2.50086
k3=0.126954
k4=-1.39674
k5=2.34978
k6=0.288105
p1=-0.000250049
p2=0.000329406

[STEREO]
Baseline=119.828
TY=-0.139
TZ=0.349937
CV_2K=0.00400533
CV_FHD=0.00400533
CV_HD=0.00400533
CV_VGA=0.00400533
RX_2K=0.00202441
RX_FHD=0.00202441
RX_HD=0.00202441
RX_VGA=0.00202441
RZ_2K=0.00215512
RZ_FHD=0.00215512
RZ_HD=0.00215512
RZ_VGA=0.00215512

[MISC]
Sensor_ID=0
